0.100000	0.109964	1.998986	1.000000
0.200000	0.419681	3.995216	1.000000
0.300000	0.928833	5.987898	1.000000
0.400000	1.637021	7.976245	1.000000
0.500000	2.543768	9.959477	1.000000
0.600000	3.648522	11.936823	1.000000
0.700000	4.950650	13.907521	1.000000
0.800000	6.229697	11.877610	-1.000000
0.900000	7.306138	9.854583	-1.000000
1.000000	8.180616	7.837599	-1.000000
1.100000	8.853689	5.825828	-1.000000
1.200000	9.325833	3.818450	-1.000000
1.300000	9.597443	1.814650	-1.000000
1.400000	9.668832	0.000000	0.000000
